11
78
146
214
282
350
418
488
557
625
693
761
829
896
964
1032
1100
1168
1235
1302
1368
1566
1632
1698
1765
1831
1899
1967
2035
2104
2172
2241
2308
2376
2443
2509
2576
2642
2707
2773
2838
2904
2969
3033
3098
3163
3227
3292
3357
3421
3484
3548
3610
3673
3734
3797
3858
3919
3980
4040
4100
4160
4219
4278
4338
4395
4453
4511
4568
4625
4682
4739
4795
4851
4907
4963
5019
5074
5129
5185
5240
5295
5349
5403
5458
5512
5566
5620
5673
5727
5781
5834
5888
5941
5994
6048
6102
6155
6209
6263
6317
6372
6427
6481
6536
6591
6647
6702
6758
6814
6869
6925
6980
7036
7092
7148
7204
7261
7318
7375
7432
7489
7547
7604
7699
7777
7829
7891
7948
8005
8061
8117
8172
8228
8283
8338
8393
8448
8503
8557
8611
8665
8719
8773
8826
8880
8933
8987
9040
9094
9147
9201
9254
9308
9362
9416
9470
9524
9578
9633
9688
9743
9798
9853
9909
10020
10076
10132
10188
10244
10299
10355
10411
10467
10523
10578
10635
10691
10747
10804
10860
10917
10973
11030
11086
11143
11312
11369
11426
11482
11538
11708
11765
11878
11934
11991
12047
12103
12160
12329
12377
12442
12613
12727
12784
12840
12897
12955
13012
13069
13126
13184
13241
13297
13354
13411
13468
13525
13582
13632
13697
13754
13812
13927
13985
14043
14101
14159
14216
14273
14330
14387
14445
14504
14562
14621
14679
14739
14797
14856
14914
14973
15031
15089
15146
15203
15260
15317
15374
15431
15487
15543
15599
15656
15712
15768
15824
15880
15935
15991
16046
16101
16156
16212
16267
16321
16376
16431
16486
16541
1434
1500
7662
7720
7802
7859
9965
11200
11256
11595
11652
11750
11821
12216
12272
12499
12556
12670
13870