30
216
404
593
781
969
1157
1350
1541
1730
1918
2106
2294
2480
2668
2856
3044
3233
3418
3603
3786
4334
4516
4699
4884
5068
5255
5444
5632
5822
6011
6202
6388
6576
6760
6944
7129
7311
7492
7674
7854
8036
8216
8394
8574
8753
8931
9111
9290
9467
9642
9819
9991
10164
10334
10508
10677
11014
11180
11346
11512
11676
11839
12004
12163
12324
12484
12641
12957
13114
13269
13425
13580
13735
13889
14042
14194
14349
14803
14952
15104
15254
15403
15553
15700
15849
15998
16145
16294
16441
16588
16737
16886
17034
17183
17332
17482
17634
17786
17936
18088
18240
18395
18548
18702
18857
19010
19164
19317
19471
19626
19781
19937
20094
20252
20409
20567
20725
20885
21043
21203
21306
21591
21666
21838
21996
22153
22308
22463
22615
22770
22922
23075
23227
23379
23531
23681
23830
23979
24129
24278
24425
24574
24721
24870
25017
25166
25313
25462
25610
25759
25908
26057
26207
26357
26506
26658
26810
26963
27115
27267
27422
27577
27730
27885
28039
28194
28349
28502
28656
28811
28966
29121
29274
29431
29586
29741
29898
30054
30211
30367
30524
30680
30837
30995
31150
31305
31462
31620
31775
31933
32088
32245
32401
32558
32713
32871
33026
33181
33338
33494
33651
33806
33961
34119
34252
34432
34589
34747
35062
35220
35376
35533
35691
35851
36009
36167
36325
36484
36643
36798
36956
37113
37271
37429
37587
37905
38063
38223
38383
38541
38702
38863
39023
39183
39341
39499
39657
39815
39975
40138
40299
40462
40622
40788
40949
41112
41273
41436
41596
41757
41915
42073
42231
42388
42546
42703
42858
43013
43168
43326
43481
43636
43791
43946
44098
44253
44405
44558
44710
44864
45017
45167
45319
45471
45623
45775
3969
4151
10845
12800
14501
14653
21364
21522
34904